              precision    recall  f1-score   support

           0       0.98      0.94      0.96     55783
           1       0.88      0.88      0.88     50675
           2       0.95      0.95      0.95     49448
           3       0.86      0.89      0.87     47935
           4       0.93      0.92      0.93     45250
           5       0.81      0.78      0.79     58506
           6       0.93      0.88      0.90     45138
           7       0.96      0.93      0.94     51192
           8       0.80      0.89      0.84     52388
           9       0.87      0.88      0.87     55890

   micro avg       0.89      0.89      0.89    512205
   macro avg       0.90      0.89      0.89    512205
weighted avg       0.89      0.89      0.89    512205
<function confusion_matrix at 0x00000263772E7378>